Task scheduling optimizer
=> tasks=3, resources=5, slots.max=18


Testing tasks sequence 1 of 6:
[1, 2, 3]
	task 1 program:  Int16[1, 1, 2, 1, 3, 4, 3, 5]
	task 1 length:   85×18 Matrix{Int16}:
 1  1  0  1  0  0  0  0  0  0  0  0  0  0  0  0  0  0
 0  0  1  0  0  0  0  0  0  0  0  0  0  0  0  0  0  0
 0  0  0  0  1  0  1  0  0  0  0  0  0  0  0  0  0  0
 0  0  0  0  0  1  0  0  0  0  0  0  0  0  0  0  0  0
 0  0  0  0  0  0  0  1  0  0  0  0  0  0  0  0  0  0

	new allocation table (t0=0):
5×18 Matrix{Int16}:
 1  1  0  1  0  0  0  0  0  0  0  0  0  0  0  0  0  0
 0  0  1  0  0  0  0  0  0  0  0  0  0  0  0  0  0  0
 0  0  0  0  1  0  1  0  0  0  0  0  0  0  0  0  0  0
 0  0  0  0  0  1  0  0  0  0  0  0  0  0  0  0  0  0
 0  0  0  0  0  0  0  1  0  0  0  0  0  0  0  0  0  0

	task 2 program:  Int16[1, 3, 3, 4, 5, 0, 0, 0]
	task 2 length:   55×18 Matrix{Int16}:
 1  1  0  1  0  0  2  0  0  0  0  0  0  0  0  0  0  0
 0  0  1  0  0  0  0  0  0  0  0  0  0  0  0  0  0  0
 0  0  0  0  1  0  1  2  2  0  0  0  0  0  0  0  0  0
 0  0  0  0  0  1  0  0  0  2  0  0  0  0  0  0  0  0
 0  0  0  0  0  0  0  1  0  0  2  0  0  0  0  0  0  0

	new allocation table (t0=6):
5×18 Matrix{Int16}:
 1  1  0  1  0  0  2  0  0  0  0  0  0  0  0  0  0  0
 0  0  1  0  0  0  0  0  0  0  0  0  0  0  0  0  0  0
 0  0  0  0  1  0  1  2  2  0  0  0  0  0  0  0  0  0
 0  0  0  0  0  1  0  0  0  2  0  0  0  0  0  0  0  0
 0  0  0  0  0  0  0  1  0  0  2  0  0  0  0  0  0  0

	task 3 program:  Int16[2, 2, 3, 3, 3, 0, 0, 0]
	task 3 length:   55×18 Matrix{Int16}:
 1  1  0  1  0  0  2  0  0  0  0  0  0  0  0  0  0  0
 0  0  1  0  0  0  0  3  3  0  0  0  0  0  0  0  0  0
 0  0  0  0  1  0  1  2  2  3  3  3  0  0  0  0  0  0
 0  0  0  0  0  1  0  0  0  2  0  0  0  0  0  0  0  0
 0  0  0  0  0  0  0  1  0  0  2  0  0  0  0  0  0  0

	new allocation table (t0=7):
5×18 Matrix{Int16}:
 1  1  0  1  0  0  2  0  0  0  0  0  0  0  0  0  0  0
 0  0  1  0  0  0  0  3  3  0  0  0  0  0  0  0  0  0
 0  0  0  0  1  0  1  2  2  3  3  3  0  0  0  0  0  0
 0  0  0  0  0  1  0  0  0  2  0  0  0  0  0  0  0  0
 0  0  0  0  0  0  0  1  0  0  2  0  0  0  0  0  0  0
=> found new best schedule (tlen=12) for sequence 1:
5×12 Matrix{Int16}:
 1  1  0  1  0  0  2  0  0  0  0  0
 0  0  1  0  0  0  0  3  3  0  0  0
 0  0  0  0  1  0  1  2  2  3  3  3
 0  0  0  0  0  1  0  0  0  2  0  0
 0  0  0  0  0  0  0  1  0  0  2  0
Testing tasks sequence 2 of 6:
[1, 3, 2]
	task 1 program:  Int16[1, 1, 2, 1, 3, 4, 3, 5]
	task 1 length:   85×18 Matrix{Int16}:
 1  1  0  1  0  0  0  0  0  0  0  0  0  0  0  0  0  0
 0  0  1  0  0  0  0  0  0  0  0  0  0  0  0  0  0  0
 0  0  0  0  1  0  1  0  0  0  0  0  0  0  0  0  0  0
 0  0  0  0  0  1  0  0  0  0  0  0  0  0  0  0  0  0
 0  0  0  0  0  0  0  1  0  0  0  0  0  0  0  0  0  0

	new allocation table (t0=0):
5×18 Matrix{Int16}:
 1  1  0  1  0  0  0  0  0  0  0  0  0  0  0  0  0  0
 0  0  1  0  0  0  0  0  0  0  0  0  0  0  0  0  0  0
 0  0  0  0  1  0  1  0  0  0  0  0  0  0  0  0  0  0
 0  0  0  0  0  1  0  0  0  0  0  0  0  0  0  0  0  0
 0  0  0  0  0  0  0  1  0  0  0  0  0  0  0  0  0  0

	task 3 program:  Int16[2, 2, 3, 3, 3, 0, 0, 0]
	task 3 length:   55×18 Matrix{Int16}:
 1  1  0  1  0  0  0  0  0  0  0  0  0  0  0  0  0  0
 0  0  1  0  0  3  3  0  0  0  0  0  0  0  0  0  0  0
 0  0  0  0  1  0  1  3  3  3  0  0  0  0  0  0  0  0
 0  0  0  0  0  1  0  0  0  0  0  0  0  0  0  0  0  0
 0  0  0  0  0  0  0  1  0  0  0  0  0  0  0  0  0  0

	new allocation table (t0=5):
5×18 Matrix{Int16}:
 1  1  0  1  0  0  0  0  0  0  0  0  0  0  0  0  0  0
 0  0  1  0  0  3  3  0  0  0  0  0  0  0  0  0  0  0
 0  0  0  0  1  0  1  3  3  3  0  0  0  0  0  0  0  0
 0  0  0  0  0  1  0  0  0  0  0  0  0  0  0  0  0  0
 0  0  0  0  0  0  0  1  0  0  0  0  0  0  0  0  0  0

	task 2 program:  Int16[1, 3, 3, 4, 5, 0, 0, 0]
	task 2 length:   55×18 Matrix{Int16}:
 1  1  0  1  0  0  0  0  0  2  0  0  0  0  0  0  0  0
 0  0  1  0  0  3  3  0  0  0  0  0  0  0  0  0  0  0
 0  0  0  0  1  0  1  3  3  3  2  2  0  0  0  0  0  0
 0  0  0  0  0  1  0  0  0  0  0  0  2  0  0  0  0  0
 0  0  0  0  0  0  0  1  0  0  0  0  0  2  0  0  0  0

	new allocation table (t0=9):
5×18 Matrix{Int16}:
 1  1  0  1  0  0  0  0  0  2  0  0  0  0  0  0  0  0
 0  0  1  0  0  3  3  0  0  0  0  0  0  0  0  0  0  0
 0  0  0  0  1  0  1  3  3  3  2  2  0  0  0  0  0  0
 0  0  0  0  0  1  0  0  0  0  0  0  2  0  0  0  0  0
 0  0  0  0  0  0  0  1  0  0  0  0  0  2  0  0  0  0
Testing tasks sequence 3 of 6:
[2, 1, 3]
	task 2 program:  Int16[1, 3, 3, 4, 5, 0, 0, 0]
	task 2 length:   55×18 Matrix{Int16}:
 2  0  0  0  0  0  0  0  0  0  0  0  0  0  0  0  0  0
 0  0  0  0  0  0  0  0  0  0  0  0  0  0  0  0  0  0
 0  2  2  0  0  0  0  0  0  0  0  0  0  0  0  0  0  0
 0  0  0  2  0  0  0  0  0  0  0  0  0  0  0  0  0  0
 0  0  0  0  2  0  0  0  0  0  0  0  0  0  0  0  0  0

	new allocation table (t0=0):
5×18 Matrix{Int16}:
 2  0  0  0  0  0  0  0  0  0  0  0  0  0  0  0  0  0
 0  0  0  0  0  0  0  0  0  0  0  0  0  0  0  0  0  0
 0  2  2  0  0  0  0  0  0  0  0  0  0  0  0  0  0  0
 0  0  0  2  0  0  0  0  0  0  0  0  0  0  0  0  0  0
 0  0  0  0  2  0  0  0  0  0  0  0  0  0  0  0  0  0

	task 1 program:  Int16[1, 1, 2, 1, 3, 4, 3, 5]
	task 1 length:   85×18 Matrix{Int16}:
 2  1  1  0  1  0  0  0  0  0  0  0  0  0  0  0  0  0
 0  0  0  1  0  0  0  0  0  0  0  0  0  0  0  0  0  0
 0  2  2  0  0  1  0  1  0  0  0  0  0  0  0  0  0  0
 0  0  0  2  0  0  1  0  0  0  0  0  0  0  0  0  0  0
 0  0  0  0  2  0  0  0  1  0  0  0  0  0  0  0  0  0

	new allocation table (t0=1):
5×18 Matrix{Int16}:
 2  1  1  0  1  0  0  0  0  0  0  0  0  0  0  0  0  0
 0  0  0  1  0  0  0  0  0  0  0  0  0  0  0  0  0  0
 0  2  2  0  0  1  0  1  0  0  0  0  0  0  0  0  0  0
 0  0  0  2  0  0  1  0  0  0  0  0  0  0  0  0  0  0
 0  0  0  0  2  0  0  0  1  0  0  0  0  0  0  0  0  0

	task 3 program:  Int16[2, 2, 3, 3, 3, 0, 0, 0]
	task 3 length:   55×18 Matrix{Int16}:
 2  1  1  0  1  0  0  0  0  0  0  0  0  0  0  0  0  0
 0  0  0  1  0  0  3  3  0  0  0  0  0  0  0  0  0  0
 0  2  2  0  0  1  0  1  3  3  3  0  0  0  0  0  0  0
 0  0  0  2  0  0  1  0  0  0  0  0  0  0  0  0  0  0
 0  0  0  0  2  0  0  0  1  0  0  0  0  0  0  0  0  0

	new allocation table (t0=6):
5×18 Matrix{Int16}:
 2  1  1  0  1  0  0  0  0  0  0  0  0  0  0  0  0  0
 0  0  0  1  0  0  3  3  0  0  0  0  0  0  0  0  0  0
 0  2  2  0  0  1  0  1  3  3  3  0  0  0  0  0  0  0
 0  0  0  2  0  0  1  0  0  0  0  0  0  0  0  0  0  0
 0  0  0  0  2  0  0  0  1  0  0  0  0  0  0  0  0  0
=> found new best schedule (tlen=11) for sequence 3:
5×11 Matrix{Int16}:
 2  1  1  0  1  0  0  0  0  0  0
 0  0  0  1  0  0  3  3  0  0  0
 0  2  2  0  0  1  0  1  3  3  3
 0  0  0  2  0  0  1  0  0  0  0
 0  0  0  0  2  0  0  0  1  0  0
Testing tasks sequence 4 of 6:
[2, 3, 1]
	task 2 program:  Int16[1, 3, 3, 4, 5, 0, 0, 0]
	task 2 length:   55×18 Matrix{Int16}:
 2  0  0  0  0  0  0  0  0  0  0  0  0  0  0  0  0  0
 0  0  0  0  0  0  0  0  0  0  0  0  0  0  0  0  0  0
 0  2  2  0  0  0  0  0  0  0  0  0  0  0  0  0  0  0
 0  0  0  2  0  0  0  0  0  0  0  0  0  0  0  0  0  0
 0  0  0  0  2  0  0  0  0  0  0  0  0  0  0  0  0  0

	new allocation table (t0=0):
5×18 Matrix{Int16}:
 2  0  0  0  0  0  0  0  0  0  0  0  0  0  0  0  0  0
 0  0  0  0  0  0  0  0  0  0  0  0  0  0  0  0  0  0
 0  2  2  0  0  0  0  0  0  0  0  0  0  0  0  0  0  0
 0  0  0  2  0  0  0  0  0  0  0  0  0  0  0  0  0  0
 0  0  0  0  2  0  0  0  0  0  0  0  0  0  0  0  0  0

	task 3 program:  Int16[2, 2, 3, 3, 3, 0, 0, 0]
	task 3 length:   55×18 Matrix{Int16}:
 2  0  0  0  0  0  0  0  0  0  0  0  0  0  0  0  0  0
 0  3  3  0  0  0  0  0  0  0  0  0  0  0  0  0  0  0
 0  2  2  3  3  3  0  0  0  0  0  0  0  0  0  0  0  0
 0  0  0  2  0  0  0  0  0  0  0  0  0  0  0  0  0  0
 0  0  0  0  2  0  0  0  0  0  0  0  0  0  0  0  0  0

	new allocation table (t0=1):
5×18 Matrix{Int16}:
 2  0  0  0  0  0  0  0  0  0  0  0  0  0  0  0  0  0
 0  3  3  0  0  0  0  0  0  0  0  0  0  0  0  0  0  0
 0  2  2  3  3  3  0  0  0  0  0  0  0  0  0  0  0  0
 0  0  0  2  0  0  0  0  0  0  0  0  0  0  0  0  0  0
 0  0  0  0  2  0  0  0  0  0  0  0  0  0  0  0  0  0

	task 1 program:  Int16[1, 1, 2, 1, 3, 4, 3, 5]
	task 1 length:   85×18 Matrix{Int16}:
 2  0  1  1  0  1  0  0  0  0  0  0  0  0  0  0  0  0
 0  3  3  0  1  0  0  0  0  0  0  0  0  0  0  0  0  0
 0  2  2  3  3  3  1  0  1  0  0  0  0  0  0  0  0  0
 0  0  0  2  0  0  0  1  0  0  0  0  0  0  0  0  0  0
 0  0  0  0  2  0  0  0  0  1  0  0  0  0  0  0  0  0

	new allocation table (t0=2):
5×18 Matrix{Int16}:
 2  0  1  1  0  1  0  0  0  0  0  0  0  0  0  0  0  0
 0  3  3  0  1  0  0  0  0  0  0  0  0  0  0  0  0  0
 0  2  2  3  3  3  1  0  1  0  0  0  0  0  0  0  0  0
 0  0  0  2  0  0  0  1  0  0  0  0  0  0  0  0  0  0
 0  0  0  0  2  0  0  0  0  1  0  0  0  0  0  0  0  0
=> found new best schedule (tlen=10) for sequence 4:
5×10 Matrix{Int16}:
 2  0  1  1  0  1  0  0  0  0
 0  3  3  0  1  0  0  0  0  0
 0  2  2  3  3  3  1  0  1  0
 0  0  0  2  0  0  0  1  0  0
 0  0  0  0  2  0  0  0  0  1
Testing tasks sequence 5 of 6:
[3, 1, 2]
	task 3 program:  Int16[2, 2, 3, 3, 3, 0, 0, 0]
	task 3 length:   55×18 Matrix{Int16}:
 0  0  0  0  0  0  0  0  0  0  0  0  0  0  0  0  0  0
 3  3  0  0  0  0  0  0  0  0  0  0  0  0  0  0  0  0
 0  0  3  3  3  0  0  0  0  0  0  0  0  0  0  0  0  0
 0  0  0  0  0  0  0  0  0  0  0  0  0  0  0  0  0  0
 0  0  0  0  0  0  0  0  0  0  0  0  0  0  0  0  0  0

	new allocation table (t0=0):
5×18 Matrix{Int16}:
 0  0  0  0  0  0  0  0  0  0  0  0  0  0  0  0  0  0
 3  3  0  0  0  0  0  0  0  0  0  0  0  0  0  0  0  0
 0  0  3  3  3  0  0  0  0  0  0  0  0  0  0  0  0  0
 0  0  0  0  0  0  0  0  0  0  0  0  0  0  0  0  0  0
 0  0  0  0  0  0  0  0  0  0  0  0  0  0  0  0  0  0

	task 1 program:  Int16[1, 1, 2, 1, 3, 4, 3, 5]
	task 1 length:   85×18 Matrix{Int16}:
 0  1  1  0  1  0  0  0  0  0  0  0  0  0  0  0  0  0
 3  3  0  1  0  0  0  0  0  0  0  0  0  0  0  0  0  0
 0  0  3  3  3  1  0  1  0  0  0  0  0  0  0  0  0  0
 0  0  0  0  0  0  1  0  0  0  0  0  0  0  0  0  0  0
 0  0  0  0  0  0  0  0  1  0  0  0  0  0  0  0  0  0

	new allocation table (t0=1):
5×18 Matrix{Int16}:
 0  1  1  0  1  0  0  0  0  0  0  0  0  0  0  0  0  0
 3  3  0  1  0  0  0  0  0  0  0  0  0  0  0  0  0  0
 0  0  3  3  3  1  0  1  0  0  0  0  0  0  0  0  0  0
 0  0  0  0  0  0  1  0  0  0  0  0  0  0  0  0  0  0
 0  0  0  0  0  0  0  0  1  0  0  0  0  0  0  0  0  0

	task 2 program:  Int16[1, 3, 3, 4, 5, 0, 0, 0]
	task 2 length:   55×18 Matrix{Int16}:
 0  1  1  0  1  0  0  2  0  0  0  0  0  0  0  0  0  0
 3  3  0  1  0  0  0  0  0  0  0  0  0  0  0  0  0  0
 0  0  3  3  3  1  0  1  2  2  0  0  0  0  0  0  0  0
 0  0  0  0  0  0  1  0  0  0  2  0  0  0  0  0  0  0
 0  0  0  0  0  0  0  0  1  0  0  2  0  0  0  0  0  0

	new allocation table (t0=7):
5×18 Matrix{Int16}:
 0  1  1  0  1  0  0  2  0  0  0  0  0  0  0  0  0  0
 3  3  0  1  0  0  0  0  0  0  0  0  0  0  0  0  0  0
 0  0  3  3  3  1  0  1  2  2  0  0  0  0  0  0  0  0
 0  0  0  0  0  0  1  0  0  0  2  0  0  0  0  0  0  0
 0  0  0  0  0  0  0  0  1  0  0  2  0  0  0  0  0  0
Testing tasks sequence 6 of 6:
[3, 2, 1]
	task 3 program:  Int16[2, 2, 3, 3, 3, 0, 0, 0]
	task 3 length:   55×18 Matrix{Int16}:
 0  0  0  0  0  0  0  0  0  0  0  0  0  0  0  0  0  0
 3  3  0  0  0  0  0  0  0  0  0  0  0  0  0  0  0  0
 0  0  3  3  3  0  0  0  0  0  0  0  0  0  0  0  0  0
 0  0  0  0  0  0  0  0  0  0  0  0  0  0  0  0  0  0
 0  0  0  0  0  0  0  0  0  0  0  0  0  0  0  0  0  0

	new allocation table (t0=0):
5×18 Matrix{Int16}:
 0  0  0  0  0  0  0  0  0  0  0  0  0  0  0  0  0  0
 3  3  0  0  0  0  0  0  0  0  0  0  0  0  0  0  0  0
 0  0  3  3  3  0  0  0  0  0  0  0  0  0  0  0  0  0
 0  0  0  0  0  0  0  0  0  0  0  0  0  0  0  0  0  0
 0  0  0  0  0  0  0  0  0  0  0  0  0  0  0  0  0  0

	task 2 program:  Int16[1, 3, 3, 4, 5, 0, 0, 0]
	task 2 length:   55×18 Matrix{Int16}:
 0  0  0  0  2  0  0  0  0  0  0  0  0  0  0  0  0  0
 3  3  0  0  0  0  0  0  0  0  0  0  0  0  0  0  0  0
 0  0  3  3  3  2  2  0  0  0  0  0  0  0  0  0  0  0
 0  0  0  0  0  0  0  2  0  0  0  0  0  0  0  0  0  0
 0  0  0  0  0  0  0  0  2  0  0  0  0  0  0  0  0  0

	new allocation table (t0=4):
5×18 Matrix{Int16}:
 0  0  0  0  2  0  0  0  0  0  0  0  0  0  0  0  0  0
 3  3  0  0  0  0  0  0  0  0  0  0  0  0  0  0  0  0
 0  0  3  3  3  2  2  0  0  0  0  0  0  0  0  0  0  0
 0  0  0  0  0  0  0  2  0  0  0  0  0  0  0  0  0  0
 0  0  0  0  0  0  0  0  2  0  0  0  0  0  0  0  0  0

	task 1 program:  Int16[1, 1, 2, 1, 3, 4, 3, 5]
	task 1 length:   85×18 Matrix{Int16}:
 0  0  0  0  2  1  1  0  1  0  0  0  0  0  0  0  0  0
 3  3  0  0  0  0  0  1  0  0  0  0  0  0  0  0  0  0
 0  0  3  3  3  2  2  0  0  1  0  1  0  0  0  0  0  0
 0  0  0  0  0  0  0  2  0  0  1  0  0  0  0  0  0  0
 0  0  0  0  0  0  0  0  2  0  0  0  1  0  0  0  0  0

	new allocation table (t0=5):
5×18 Matrix{Int16}:
 0  0  0  0  2  1  1  0  1  0  0  0  0  0  0  0  0  0
 3  3  0  0  0  0  0  1  0  0  0  0  0  0  0  0  0  0
 0  0  3  3  3  2  2  0  0  1  0  1  0  0  0  0  0  0
 0  0  0  0  0  0  0  2  0  0  1  0  0  0  0  0  0  0
 0  0  0  0  0  0  0  0  2  0  0  0  1  0  0  0  0  0


Best solution found (tlen=10):
=> Tasks sequence 4: [2, 3, 1]
=> Tasks scheduling (res\slots): 
5×10 Matrix{Int16}:
 2  0  1  1  0  1  0  0  0  0
 0  3  3  0  1  0  0  0  0  0
 0  2  2  3  3  3  1  0  1  0
 0  0  0  2  0  0  0  1  0  0
 0  0  0  0  2  0  0  0  0  1
