-24.99588356591498 -17.45541063914179 1
-25.00507675642022 -23.58771947692979 1
-28.11636326588339 -41.32301770122036 1
-28.23947057191837 -36.75930825368243 1
-54.51817561994246 -18.79054706385705 1
-23.32942515695047 -15.04279029099857 1
-2.117280177237994 -55.68658447435079 1
-16.16265088530732 -27.76982979200252 1
-37.50904051552023 -46.93296680248362 1
-43.73770934324443 -37.26977035943868 1
-26.83413812092466 -42.40646036067621 1
-39.70623675619188 -16.50436468813719 1
-46.80352813567946 -1.402799294475212 1
-30.57857458052818 -17.29865487345259 1
-48.76915060185976 -36.13754722006531 1
-16.72208628214379 -38.01869682271293 1
-17.15333160666986 -13.3750176934171 1
-19.04817565799881 -35.86606957425363 1
-20.17594306062196 -12.85632740655118 1
-34.16745307413675 -33.1236885688304 1
-53.15166401183254 -27.43922189331082 1
-38.04564632511046 -34.92555851889262 1
-16.8916172719539 -55.22855665926721 1
-42.48217273785363 -17.2548436751274 1
-9.089319313192174 -43.09454148126073 1
-26.73613025384299 -7.207811304598152 1
-19.9391429089339 -23.28975599333508 1
-32.91581593807876 -24.57004252461324 1
-45.83687913492684 -15.69273238880342 1
-9.176376997707262 -27.92601866368576 1
-33.34096513743437 -29.0943909322418 1
-30.22528244683306 -32.3227471078233 1
-27.27517679831642 -39.54599626050753 1
-13.65815932803898 -48.32605665555259 1
-64.42377606136762 -40.90804229399306 1
-32.5992280048712 -25.46643335324489 1
-30.52262036836424 -41.39583573276174 1
-37.94154657469986 -43.76297884416743 1
-26.32529254363773 -19.86295538459855 1
-31.4874946379394 -29.15894918824514 1
-27.17284751463736 -36.11892337642655 1
-39.32837562887624 -25.62462992940877 1
-16.79291018545509 -29.57927281211947 1
-34.76941341550053 -32.50361678168122 1
-16.80302633079397 -32.96523462759737 1
-47.12041705874573 -36.48243538055711 1
-12.97677667770501 -29.2418864954737 1
-12.86136142293572 -42.28051056593258 1
-49.67320799410427 -14.87043972696573 1
-7.540508225108262 -20.49745982391034 1
-6.977186705356228 -39.13673056639071 1
-42.97072524844808 -43.11831784874553 1
-24.30314021396405 -30.6896723020089 1
-29.63452844088433 -39.29057795572933 1
-26.81603056633361 -49.92306467504712 1
-24.21386769227683 -26.38412036594576 1
-39.07033308425262 -39.82037986165986 1
-16.2543557297528 -31.25549908451305 1
-20.82403971826473 -34.44064188995965 1
-31.46649534337724 -27.75448165915643 1
74.86174779648833 55.84814361350415 2
69.39895749869365 67.61002703839551 2
94.67212384799252 61.13949334183161 2
68.59706085592983 69.32000294226881 2
65.16739167727769 72.09989353910787 2
79.30378443213972 76.74848598217044 2
77.66011461583737 69.79464540503629 2
70.41459666823421 64.62649590797783 2
48.10477270196849 72.48555500059075 2
78.79187237518448 62.48557779833641 2
58.2418506032257 68.96575244447078 2
61.66436313586425 66.87837971086982 2
72.11775533050132 79.89465594790526 2
67.49130242796491 75.96527112965988 2
82.41734190036804 61.4315429165316 2
70.60348223633045 74.37603855231619 2
68.10010859399281 64.58895770050241 2
68.49729892056561 58.01733094814137 2
65.3225724641257 64.77402663132173 2
76.07545207291658 69.30863165289588 2
54.63933500219532 59.6952625106041 2
76.14455279440222 69.93219627420255 2
60.47367337461846 69.39431543261492 2
60.15793885504162 65.00962526238285 2
57.83235125529826 74.52355100626579 2
70.29677449823477 64.48368848816855 2
74.17214649392676 78.31174156292951 2
66.27717399315232 75.91534413755186 2
97.71502733449357 80.42478078169438 2
62.75443458191603 71.00979441911306 2
68.581296878849 63.11891481559147 2
83.061131722715 73.89127488307699 2
85.62846221271349 64.02996796593014 2
73.57920512645296 76.11874245572909 2
69.13089429947014 75.8186395018914 2
54.65691319463033 67.91187962341608 2
82.67747215691931 73.77860757022388 2
72.16555384914786 63.5658671557541 2
62.26641707266825 77.04233803851464 2
68.54184781282795 55.53516295633679 2
